2	233250000	233500000	5	170750000	171000000	
5	55750000	56000000	7	80500000	80750000	7	80250000	80500000	5	55500000	55750000	5	55250000	55500000	7	81000000	81250000	7	80750000	81000000	
10	30750000	31000000	16	87000000	87250000	21	37250000	37500000	
3	124750000	125000000	3	124500000	124750000	11	73000000	73250000	1	25000000	25250000	
17	48250000	48500000	13	114500000	114750000	
11	74750000	75000000	15	69750000	70000000	2	26750000	27000000	1	203000000	203250000	
9	128000000	128250000	1	10500000	10750000	3	197500000	197750000	10	103500000	103750000	2	26250000	26500000	
7	159000000	159250000	12	129000000	129250000	8	139000000	139250000	14	106250000	106500000	12	130500000	130750000	7	157500000	157750000	14	106750000	107000000	7	153500000	153750000	8	140000000	140250000	12	128250000	128500000	12	131000000	131250000	6	167500000	167750000	7	154500000	154750000	14	106500000	106750000	12	130250000	130500000	11	133250000	133500000	12	129750000	130000000	14	107000000	107250000	7	153250000	153500000	1	5500000	5750000	10	132750000	133000000	14	99250000	99500000	10	130500000	130750000	12	126500000	126750000	10	130250000	130500000	11	133500000	133750000	12	127000000	127250000	8	142750000	143000000	7	154250000	154500000	11	134750000	135000000	12	126250000	126500000	12	130000000	130250000	11	133000000	133250000	10	133250000	133500000	12	129500000	129750000	10	132500000	132750000	6	169000000	169250000	1	5000000	5250000	8	139750000	140000000	10	132250000	132500000	7	157250000	157500000	7	153000000	153250000	12	128750000	129000000	8	138750000	139000000	7	155750000	156000000	1	4500000	4750000	12	131500000	131750000	6	168750000	169000000	7	154000000	154250000	6	167750000	168000000	10	130000000	130250000	12	129250000	129500000	12	130750000	131000000	7	152750000	153000000	7	157750000	158000000	8	143250000	143500000	14	98250000	98500000	7	153750000	154000000	8	140250000	140500000	8	139500000	139750000	1	4000000	4250000	10	133500000	133750000	12	131750000	132000000	8	140500000	140750000	10	133000000	133250000	10	132000000	132250000	12	126000000	126250000	8	139250000	139500000	1	4250000	4500000	14	106000000	106250000	8	143000000	143250000	6	168500000	168750000	7	156000000	156250000	1	5250000	5500000	12	128500000	128750000	11	134250000	134500000	1	4750000	5000000	7	158000000	158250000	
15	70000000	70250000	1	25250000	25500000	16	86000000	86250000	10	71250000	71500000	11	69500000	69750000	
19	17500000	17750000	16	29500000	29750000	19	17750000	18000000	17	48500000	48750000	19	18000000	18250000	22	29500000	29750000	
5	28000000	28250000	21	31250000	31500000	
12	126750000	127000000	12	127250000	127500000	3	6250000	6500000	3	7500000	7750000	3	5750000	6000000	3	6750000	7000000	3	6000000	6250000	3	7000000	7250000	3	7250000	7500000	3	5500000	5750000	3	6500000	6750000	3	7750000	8000000	
15	65250000	65500000	2	218750000	219000000	9	132750000	133000000	11	75250000	75500000	15	65000000	65250000	1	201750000	202000000	
13	55000000	55250000	13	54750000	55000000	21	24000000	24250000	14	28250000	28500000	21	22000000	22250000	14	28750000	29000000	13	57000000	57250000	13	55500000	55750000	13	55250000	55500000	13	56750000	57000000	18	1500000	1750000	21	20750000	21000000	18	62750000	63000000	18	63750000	64000000	18	64000000	64250000	13	57750000	58000000	21	20000000	20250000	21	24250000	24500000	5	25500000	25750000	21	21000000	21250000	18	62000000	62250000	18	63000000	63250000	18	62250000	62500000	21	21500000	21750000	13	56500000	56750000	18	1250000	1500000	13	54500000	54750000	18	62500000	62750000	13	54250000	54500000	18	64500000	64750000	18	63500000	63750000	21	24500000	24750000	13	54000000	54250000	21	25000000	25250000	14	27500000	27750000	21	19250000	19500000	13	58000000	58250000	21	23500000	23750000	13	57500000	57750000	13	56250000	56500000	13	55750000	56000000	14	28000000	28250000	14	28500000	28750000	21	20250000	20500000	14	27750000	28000000	21	21250000	21500000	21	23750000	24000000	18	63250000	63500000	21	21750000	22000000	21	19750000	20000000	13	57250000	57500000	21	20500000	20750000	21	24750000	25000000	18	64250000	64500000	13	56000000	56250000	18	1750000	2000000	21	19500000	19750000	
11	1250000	1500000	21	46000000	46250000	7	1000000	1250000	17	0	250000	11	750000	1000000	4	750000	1000000	8	145750000	146000000	9	138250000	138500000	9	139500000	139750000	8	144750000	145000000	7	750000	1000000	9	140250000	140500000	11	500000	750000	21	45750000	46000000	7	250000	500000	11	1750000	2000000	20	61000000	61250000	20	62750000	63000000	9	139750000	140000000	7	1500000	1750000	8	144500000	144750000	9	140000000	140250000	8	146000000	146250000	16	89000000	89250000	7	1250000	1500000	16	90000000	90250000	4	1250000	1500000	16	1000000	1250000	4	1500000	1750000	11	1500000	1750000	
2	236250000	236500000	4	184750000	185000000	
19	32000000	32250000	20	18750000	19000000	
3	97000000	97250000	1	142750000	143000000	
22	42750000	43000000	1	24000000	24250000	10	71750000	72000000	17	40000000	40250000	11	72250000	72500000	15	43500000	43750000	
19	47000000	47250000	16	85750000	86000000	22	37500000	37750000	19	47500000	47750000	19	47750000	48000000	17	38000000	38250000	20	35250000	35500000	
15	40750000	41000000	10	75000000	75250000	1	28000000	28250000	6	35750000	36000000	
22	19250000	19500000	20	3000000	3250000	20	2750000	3000000	
9	40750000	41000000	15	54500000	54750000	
4	123500000	123750000	6	134250000	134500000	
6	131000000	131250000	4	126250000	126500000	7	78250000	78500000	6	130500000	130750000	4	124000000	124250000	6	133500000	133750000	7	77750000	78000000	6	130250000	130500000	7	78750000	79000000	7	78000000	78250000	7	77500000	77750000	7	78500000	78750000	
19	2000000	2250000	17	1500000	1750000	17	79000000	79250000	9	136250000	136500000	21	47500000	47750000	16	2500000	2750000	16	88750000	89000000	20	62250000	62500000	17	78000000	78250000	22	41750000	42000000	20	35000000	35250000	22	39000000	39250000	22	38000000	38250000	17	42250000	42500000	9	131000000	131250000	16	89500000	89750000	22	38750000	39000000	19	3000000	3250000	16	500000	750000	19	2250000	2500000	15	75000000	75250000	9	139250000	139500000	11	66000000	66250000	9	131750000	132000000	9	136000000	136250000	19	4000000	4250000	20	62500000	62750000	21	44500000	44750000	17	48000000	48250000	22	42250000	42500000	17	79750000	80000000	11	65500000	65750000	21	45500000	45750000	16	250000	500000	16	2250000	2500000	22	30750000	31000000	16	88500000	88750000	22	42000000	42250000	20	62000000	62250000	16	1250000	1500000	11	64000000	64250000	20	61500000	61750000	17	42000000	42250000	17	73750000	74000000	17	80250000	80500000	17	80500000	80750000	9	139000000	139250000	16	2750000	3000000	17	79500000	79750000	16	87250000	87500000	9	135000000	135250000	8	145500000	145750000	19	3500000	3750000	16	2000000	2250000	11	250000	500000	11	68000000	68250000	11	64750000	65000000	16	3000000	3250000	9	135750000	136000000	17	80000000	80250000	14	102750000	103000000	15	41000000	41250000	11	67000000	67250000	19	500000	750000	22	38250000	38500000	20	34000000	34250000	20	61750000	62000000	11	67750000	68000000	19	1500000	1750000	15	40500000	40750000	16	0	250000	9	136750000	137000000	20	60750000	61000000	19	2750000	3000000	17	40750000	41000000	19	4250000	4500000	20	61250000	61500000	19	4500000	4750000	17	73500000	73750000	16	89750000	90000000	22	20000000	20250000	21	45000000	45250000	9	130500000	130750000	9	134250000	134500000	17	79250000	79500000	16	750000	1000000	9	131500000	131750000	17	78250000	78500000	16	1750000	2000000	17	39750000	40000000	22	39750000	40000000	19	750000	1000000	9	131250000	131500000	11	64500000	64750000	19	1250000	1500000	22	31250000	31500000	19	1750000	2000000	
5	168500000	168750000	2	222750000	223000000	5	168250000	168500000	2	223000000	223250000	5	168000000	168250000	5	168750000	169000000	4	182000000	182250000	4	182250000	182500000	2	224000000	224250000	
19	50250000	50500000	22	20250000	20500000	21	48000000	48250000	
17	50250000	50500000	17	52000000	52250000	18	69500000	69750000	21	23250000	23500000	18	70000000	70250000	18	68750000	69000000	18	69750000	70000000	18	70250000	70500000	18	69000000	69250000	17	51750000	52000000	17	52250000	52500000	18	68500000	68750000	18	69250000	69500000	
13	42500000	42750000	13	42250000	42500000	15	67750000	68000000	
21	44000000	44250000	11	1000000	1250000	7	500000	750000	4	500000	750000	
1	246250000	246500000	1	246500000	246750000	1	246000000	246250000	4	183500000	183750000	1	245750000	246000000	
15	72000000	72250000	6	34750000	35000000	1	202250000	202500000	11	72500000	72750000	
8	4250000	4500000	5	4250000	4500000	10	1250000	1500000	16	8000000	8250000	20	40500000	40750000	10	2500000	2750000	5	2250000	2500000	8	1250000	1500000	5	5750000	6000000	16	5750000	6000000	8	3250000	3500000	8	3500000	3750000	5	3250000	3500000	8	2250000	2500000	5	3750000	4000000	5	6000000	6250000	5	2500000	2750000	19	56250000	56500000	22	49250000	49500000	16	5250000	5500000	10	1750000	2000000	21	41000000	41250000	22	48250000	48500000	5	4000000	4250000	8	3000000	3250000	16	7500000	7750000	10	2250000	2500000	5	4750000	5000000	5	5000000	5250000	20	40750000	41000000	16	6750000	7000000	20	41500000	41750000	5	5500000	5750000	5	2750000	3000000	16	6000000	6250000	22	49500000	49750000	16	7000000	7250000	22	48500000	48750000	8	1000000	1250000	16	5500000	5750000	5	3500000	3750000	21	42250000	42500000	16	6500000	6750000	20	41000000	41250000	21	41750000	42000000	21	41250000	41500000	5	2000000	2250000	5	4500000	4750000	5	3000000	3250000	22	47750000	48000000	16	7250000	7500000	16	8250000	8500000	21	42000000	42250000	21	41500000	41750000	22	49750000	50000000	20	41250000	41500000	22	48750000	49000000	8	3750000	4000000	8	750000	1000000	16	6250000	6500000	8	5250000	5500000	22	49000000	49250000	10	2000000	2250000	16	7750000	8000000	22	48000000	48250000	
15	67250000	67500000	1	201500000	201750000	17	75250000	75500000	
9	136500000	136750000	7	2000000	2250000	16	3500000	3750000	21	45250000	45500000	4	3000000	3250000	11	68250000	68500000	11	68500000	68750000	7	1750000	2000000	4	3250000	3500000	
7	152500000	152750000	11	133750000	134000000	12	132000000	132250000	7	155500000	155750000	10	131750000	132000000	10	131500000	131750000	1	3000000	3250000	7	156250000	156500000	8	143500000	143750000	1	3250000	3500000	12	131250000	131500000	1	3500000	3750000	11	134000000	134250000	
1	1750000	2000000	5	178750000	179000000	
8	141000000	141250000	8	141250000	141500000	7	156500000	156750000	
13	112750000	113000000	14	99000000	99250000	18	76000000	76250000	18	75500000	75750000	13	112500000	112750000	18	75750000	76000000	14	97500000	97750000	13	112250000	112500000	18	76250000	76500000	18	76500000	76750000	18	75250000	75500000	14	98500000	98750000	14	97750000	98000000	18	75000000	75250000	14	98750000	99000000	
2	210500000	210750000	4	179500000	179750000	
12	49250000	49500000	17	38250000	38500000	12	49500000	49750000	
17	73250000	73500000	22	31500000	31750000	15	76000000	76250000	
15	42750000	43000000	11	65750000	66000000	10	70250000	70500000	17	37500000	37750000	15	43000000	43250000	
21	46500000	46750000	22	38500000	38750000	9	132250000	132500000	11	68750000	69000000	21	46750000	47000000	19	1000000	1250000	22	43000000	43250000	17	76750000	77000000	16	88250000	88500000	21	46250000	46500000	17	76250000	76500000	16	88000000	88250000	
12	1000000	1250000	12	1250000	1500000	11	75500000	75750000	10	74500000	74750000	22	40500000	40750000	10	74250000	74500000	15	42500000	42750000	15	73250000	73500000	9	128500000	128750000	9	128250000	128500000	
5	167000000	167250000	4	189250000	189500000	2	225000000	225250000	
22	34500000	34750000	20	53750000	54000000	20	54250000	54500000	22	34750000	35000000	20	53250000	53500000	20	54500000	54750000	20	54000000	54250000	20	53500000	53750000	
18	78000000	78250000	19	59000000	59250000	
1	34750000	35000000	1	34000000	34250000	1	34250000	34500000	8	142500000	142750000	1	35000000	35250000	1	34500000	34750000	
4	183250000	183500000	2	225750000	226000000	1	240250000	240500000	1	240500000	240750000	4	183000000	183250000	2	224750000	225000000	1	240750000	241000000	
5	70500000	70750000	4	65250000	65500000	
16	87750000	88000000	19	2500000	2750000	15	74250000	74500000	15	74500000	74750000	1	21500000	21750000	10	73500000	73750000	22	39500000	39750000	17	43250000	43500000	11	75000000	75250000	9	130250000	130500000	
22	44250000	44500000	16	85250000	85500000	17	1000000	1250000	16	85500000	85750000	19	18500000	18750000	19	18750000	19000000	22	45000000	45250000	
6	26750000	27000000	9	40500000	40750000	
21	34000000	34250000	20	2500000	2750000	
14	29000000	29250000	21	22250000	22500000	14	29250000	29500000	
5	179500000	179750000	1	6000000	6250000	5	180000000	180250000	1	6250000	6500000	6	170750000	171000000	
4	187000000	187250000	2	237250000	237500000	2	237750000	238000000	5	174250000	174500000	2	237000000	237250000	
22	37000000	37250000	11	64250000	64500000	10	72750000	73000000	22	37250000	37500000	11	67250000	67500000	17	77000000	77250000	10	72500000	72750000	9	133000000	133250000	16	3250000	3500000	17	74750000	75000000	15	69000000	69250000	15	66250000	66500000	10	73250000	73500000	17	77500000	77750000	17	77250000	77500000	10	73000000	73250000	20	34750000	35000000	9	135500000	135750000	9	135250000	135500000	22	43750000	44000000	
9	129000000	129250000	2	25000000	25250000	
21	36500000	36750000	17	39500000	39750000	16	86750000	87000000	21	36750000	37000000	17	39250000	39500000	21	37000000	37250000	17	39000000	39250000	
20	57750000	58000000	21	40750000	41000000	22	33250000	33500000	22	33500000	33750000	
6	170250000	170500000	1	13750000	14000000	
2	27250000	27500000	7	128500000	128750000	10	105000000	105250000	3	196500000	196750000	2	27500000	27750000	1	202750000	203000000	12	124000000	124250000	10	103750000	104000000	3	196250000	196500000	2	219250000	219500000	7	128000000	128250000	12	120750000	121000000	
1	232750000	233000000	5	173750000	174000000	5	174000000	174250000	4	185000000	185250000	
15	30500000	30750000	14	47000000	47250000	
19	0	250000	9	141000000	141250000	
20	48750000	49000000	20	48500000	48750000	21	47250000	47500000	22	30500000	30750000	
2	213000000	213250000	4	179000000	179250000	2	213250000	213500000	2	212500000	212750000	
17	47250000	47500000	19	45500000	45750000	20	34500000	34750000	1	27500000	27750000	19	45750000	46000000	9	134000000	134250000	15	75250000	75500000	15	74750000	75000000	
14	41500000	41750000	14	40750000	41000000	14	41250000	41500000	14	41750000	42000000	14	40000000	40250000	14	40500000	40750000	1	143500000	143750000	14	41000000	41250000	14	40250000	40500000	
12	53500000	53750000	4	1000000	1250000	12	53250000	53500000	
3	47000000	47250000	12	123500000	123750000	1	21000000	21250000	
6	130000000	130250000	4	124250000	124500000	4	125000000	125250000	8	121750000	122000000	4	128000000	128250000	8	122750000	123000000	6	130750000	131000000	8	123500000	123750000	8	122500000	122750000	6	134500000	134750000	8	123250000	123500000	4	124750000	125000000	8	122250000	122500000	4	127750000	128000000	8	123000000	123250000	8	122000000	122250000	6	135000000	135250000	4	124500000	124750000	4	127500000	127750000	6	134750000	135000000	
2	222500000	222750000	3	189000000	189250000	
5	137500000	137750000	1	6500000	6750000	5	137750000	138000000	
1	231250000	231500000	5	172500000	172750000	
19	48250000	48500000	17	43750000	44000000	19	48500000	48750000	
6	35500000	35750000	15	41750000	42000000	
3	5250000	5500000	12	128000000	128250000	12	127750000	128000000	
1	23500000	23750000	12	122750000	123000000	3	50000000	50250000	
9	137500000	137750000	17	75000000	75250000	
19	54750000	55000000	5	6500000	6750000	
15	32500000	32750000	2	5000000	5250000	
17	81000000	81250000	7	0	250000	
11	73500000	73750000	2	26000000	26250000	15	65750000	66000000	10	104500000	104750000	17	41000000	41250000	
5	164000000	164250000	5	164750000	165000000	5	165000000	165250000	5	164500000	164750000	2	229500000	229750000	5	164250000	164500000	
20	49750000	50000000	21	44750000	45000000	
7	158500000	158750000	2	3250000	3500000	5	179250000	179500000	6	167250000	167500000	5	179000000	179250000	
19	3750000	4000000	19	250000	500000	11	70500000	70750000	11	70250000	70500000	9	138000000	138250000	9	137750000	138000000	11	71000000	71250000	
15	69500000	69750000	22	41000000	41250000	
20	20500000	20750000	19	33500000	33750000	
5	167500000	167750000	1	228000000	228250000	
3	49750000	50000000	3	49500000	49750000	1	24250000	24500000	17	46750000	47000000	
15	64750000	65000000	21	35000000	35250000	15	64500000	64750000	
2	221750000	222000000	5	163500000	163750000	2	221500000	221750000	5	163250000	163500000	5	163750000	164000000	
22	43250000	43500000	20	32500000	32750000	
19	34250000	34500000	20	56250000	56500000	19	33750000	34000000	19	34000000	34250000	20	56500000	56750000	20	56000000	56250000	
20	57250000	57500000	22	25750000	26000000	21	42500000	42750000	
17	44000000	44250000	7	101500000	101750000	22	40750000	41000000	1	23250000	23500000	
2	231250000	231500000	1	236250000	236500000	2	231000000	231250000	
22	50000000	50250000	5	5250000	5500000	19	56500000	56750000	
3	126750000	127000000	3	126000000	126250000	3	127000000	127250000	1	22500000	22750000	9	128750000	129000000	1	22750000	23000000	9	129250000	129500000	
2	750000	1000000	2	1250000	1500000	2	500000	750000	2	1000000	1250000	10	135250000	135500000	
21	37500000	37750000	18	9500000	9750000	18	9750000	10000000	
5	6750000	7000000	5	7000000	7250000	5	7500000	7750000	19	57000000	57250000	5	7250000	7500000	19	57250000	57500000	19	56750000	57000000	19	57500000	57750000	
10	31000000	31250000	10	31500000	31750000	10	31250000	31500000	15	71000000	71250000	10	32000000	32250000	15	71250000	71500000	21	36250000	36500000	15	71500000	71750000	
4	12250000	12500000	15	28750000	29000000	4	12500000	12750000	
15	66750000	67000000	6	36750000	37000000	1	202000000	202250000	11	66750000	67000000	
4	9000000	9250000	8	12250000	12500000	
4	1750000	2000000	16	1500000	1750000	13	114000000	114250000	13	113750000	114000000	7	2250000	2500000	
9	70750000	71000000	10	51750000	52000000	
5	175000000	175250000	1	233500000	233750000	1	234000000	234250000	5	175250000	175500000	4	187250000	187500000	1	233750000	234000000	
10	125000000	125250000	1	5750000	6000000	10	125250000	125500000	
22	26500000	26750000	20	55750000	56000000	20	55250000	55500000	21	42750000	43000000	20	55500000	55750000	20	55000000	55250000	
2	237500000	237750000	4	188750000	189000000	
9	137250000	137500000	17	78750000	79000000	1	9250000	9500000	16	85000000	85250000	
14	74000000	74250000	17	40500000	40750000	
12	52250000	52500000	15	73750000	74000000	
19	49250000	49500000	17	46500000	46750000	22	36500000	36750000	
12	2500000	2750000	9	130000000	130250000	15	42250000	42500000	12	2750000	3000000	
15	42000000	42250000	11	66500000	66750000	1	22000000	22250000	
6	162500000	162750000	1	237000000	237250000	1	237250000	237500000	1	237500000	237750000	
18	12250000	12500000	21	33000000	33250000	
21	18750000	19000000	20	10250000	10500000	20	11000000	11250000	20	10500000	10750000	20	10750000	11000000	20	11250000	11500000	
20	23250000	23500000	19	32750000	33000000	
2	87750000	88000000	15	30750000	31000000	
16	68000000	68250000	17	45000000	45250000	9	132500000	132750000	16	68250000	68500000	
17	77750000	78000000	16	87500000	87750000	15	65500000	65750000	17	45750000	46000000	9	133750000	134000000	12	500000	750000	10	72000000	72250000	22	42500000	42750000	
2	217750000	218000000	6	133750000	134000000	2	218250000	218500000	3	171750000	172000000	3	171500000	171750000	6	134000000	134250000	2	218000000	218250000	1	8500000	8750000	
3	83250000	83500000	3	84250000	84500000	3	82750000	83000000	3	83750000	84000000	3	84750000	85000000	3	84000000	84250000	3	82500000	82750000	3	83500000	83750000	21	22750000	23000000	3	84500000	84750000	3	83000000	83250000	
17	17750000	18000000	22	21000000	21250000	
21	23000000	23250000	5	27250000	27500000	
13	43750000	44000000	13	43500000	43750000	15	63500000	63750000	13	43250000	43500000	
19	56000000	56250000	19	55500000	55750000	22	50250000	50500000	19	55750000	56000000	
20	8750000	9000000	20	9250000	9500000	20	9000000	9250000	20	8500000	8750000	21	27250000	27500000	
21	25500000	25750000	20	12000000	12250000	
15	44000000	44250000	22	41250000	41500000	
4	182750000	183000000	2	215250000	215500000	4	182500000	182750000	
20	33250000	33500000	16	3750000	4000000	12	1750000	2000000	10	74750000	75000000	4	2500000	2750000	20	33000000	33250000	
22	20750000	21000000	19	50000000	50250000	19	49500000	49750000	19	49750000	50000000	16	4500000	4750000	17	36500000	36750000	17	36750000	37000000	
16	30000000	30250000	19	10750000	11000000	16	29750000	30000000	19	10500000	10750000	
5	177500000	177750000	1	2500000	2750000	6	168000000	168250000	5	178000000	178250000	1	2750000	3000000	5	177750000	178000000	7	158750000	159000000	
3	127750000	128000000	3	128000000	128250000	9	129500000	129750000	
17	45250000	45500000	16	29250000	29500000	
5	172250000	172500000	2	238000000	238250000	
14	44500000	44750000	10	47250000	47500000	
12	51750000	52000000	15	73000000	73250000	
1	15500000	15750000	6	169750000	170000000	
4	186500000	186750000	6	169250000	169500000	5	167250000	167500000	4	186750000	187000000	
2	25250000	25500000	1	9000000	9250000	15	68000000	68250000	12	121500000	121750000	2	25500000	25750000	
16	84250000	84500000	4	2000000	2250000	4	2250000	2500000	13	114250000	114500000	
7	129500000	129750000	3	195000000	195250000	
22	30250000	30500000	12	1500000	1750000	15	40000000	40250000	17	78500000	78750000	16	4000000	4250000	
2	233500000	233750000	5	176250000	176500000	
9	133250000	133500000	14	102000000	102250000	14	101750000	102000000	15	70500000	70750000	17	75750000	76000000	17	75500000	75750000	14	101500000	101750000	
16	67000000	67250000	17	49000000	49250000	16	67500000	67750000	
19	31250000	31500000	20	23750000	24000000	20	24000000	24250000	
6	166500000	166750000	2	233750000	234000000	5	169750000	170000000	5	170000000	170250000	5	169500000	169750000	4	185750000	186000000	
2	220250000	220500000	1	16750000	17000000	2	220000000	220250000	
17	38500000	38750000	22	36750000	37000000	16	86500000	86750000	1	27000000	27250000	10	75500000	75750000	11	65000000	65250000	
13	82750000	83000000	7	143250000	143500000	
11	72000000	72250000	6	37250000	37500000	
19	31000000	31250000	20	19000000	19250000	
2	229750000	230000000	5	166250000	166500000	5	166750000	167000000	
19	18250000	18500000	17	1750000	2000000	22	19750000	20000000	
20	21000000	21250000	19	33250000	33500000	19	33000000	33250000	
19	30250000	30500000	19	30000000	30250000	20	60250000	60500000	19	30500000	30750000	
20	22250000	22500000	21	39250000	39500000	20	22500000	22750000	20	21500000	21750000	22	26000000	26250000	20	22750000	23000000	22	25500000	25750000	21	39750000	40000000	22	25250000	25500000	
21	44250000	44500000	17	17000000	17250000	
16	69000000	69250000	22	36250000	36500000	22	36000000	36250000	
14	52000000	52250000	15	63250000	63500000	14	51750000	52000000	14	52250000	52500000	
10	129500000	129750000	2	2000000	2250000	10	129250000	129500000	12	125750000	126000000	2	2250000	2500000	2	2750000	3000000	2	2500000	2750000	2	3000000	3250000	11	134500000	134750000	
4	123750000	124000000	8	121500000	121750000	6	136250000	136500000	6	136000000	136250000	
6	103750000	104000000	9	68000000	68250000	
2	232750000	233000000	2	233000000	233250000	5	171250000	171500000	
2	90000000	90250000	16	32250000	32500000	
17	51000000	51250000	18	70500000	70750000	
22	46250000	46500000	9	130750000	131000000	11	2750000	3000000	
16	28500000	28750000	19	10250000	10500000	
1	240000000	240250000	2	228500000	228750000	
1	203250000	203500000	17	74500000	74750000	
22	50500000	50750000	17	7750000	8000000	17	8000000	8250000	
20	32250000	32500000	22	46500000	46750000	20	32000000	32250000	
1	242750000	243000000	6	162750000	163000000	6	165000000	165250000	1	242250000	242500000	1	243000000	243250000	1	242500000	242750000	6	162000000	162250000	
22	32250000	32500000	20	19500000	19750000	
3	192750000	193000000	2	226250000	226500000	
17	44250000	44500000	16	4250000	4500000	7	100000000	100250000	7	99500000	99750000	
4	32500000	32750000	10	46250000	46500000	
5	172750000	173000000	2	235750000	236000000	2	235250000	235500000	5	169000000	169250000	2	235500000	235750000	4	189750000	190000000	
8	7000000	7250000	5	26000000	26250000	
15	41500000	41750000	21	47750000	48000000	17	500000	750000	22	29750000	30000000	
17	73000000	73250000	8	144250000	144500000	
20	23500000	23750000	21	43000000	43250000	
6	165500000	165750000	8	136750000	137000000	
7	88750000	89000000	9	43250000	43500000	
20	3250000	3500000	22	30000000	30250000	20	3500000	3750000	
5	25750000	26000000	5	24250000	24500000	21	31750000	32000000	5	28750000	29000000	21	32000000	32250000	21	31500000	31750000	
19	19250000	19500000	16	30250000	30500000	19	19500000	19750000	19	19000000	19250000	16	30500000	30750000	
6	160500000	160750000	1	236500000	236750000	
22	33000000	33250000	20	19750000	20000000	
9	68500000	68750000	8	114750000	115000000	
14	26750000	27000000	14	26500000	26750000	14	27000000	27250000	14	27250000	27500000	21	26000000	26250000	
8	137000000	137250000	6	164500000	164750000	
22	44750000	45000000	16	84500000	84750000	17	750000	1000000	
4	140250000	140500000	1	10000000	10250000	
3	103750000	104000000	9	43750000	44000000	3	102500000	102750000	
4	181000000	181250000	2	212250000	212500000	
12	122000000	122250000	5	139000000	139250000	
22	21250000	21500000	19	48750000	49000000	19	49000000	49250000	17	37750000	38000000	
2	155250000	155500000	17	44500000	44750000	
10	102750000	103000000	12	121250000	121500000	3	197250000	197500000	12	121000000	121250000	2	27000000	27250000	10	103000000	103250000	1	7750000	8000000	2	26500000	26750000	
17	11500000	11750000	17	10750000	11000000	5	6250000	6500000	17	11000000	11250000	17	11250000	11500000	
1	1000000	1250000	12	123250000	123500000	1	750000	1000000	9	133500000	133750000	8	145000000	145250000	13	114750000	115000000	
15	75750000	76000000	17	46000000	46250000	1	23750000	24000000	19	46000000	46250000	
12	57000000	57250000	12	56750000	57000000	12	56500000	56750000	17	47750000	48000000	
2	219000000	219250000	1	1500000	1750000	
11	73250000	73500000	10	32500000	32750000	15	72750000	73000000	
9	138500000	138750000	11	70750000	71000000	
8	1500000	1750000	8	2000000	2250000	5	1750000	2000000	
17	4750000	5000000	17	4500000	4750000	22	19000000	19250000	
21	34250000	34500000	22	23250000	23500000	22	23000000	23250000	22	22750000	23000000	
2	240750000	241000000	5	173500000	173750000	7	154750000	155000000	2	240500000	240750000	
12	125500000	125750000	8	140750000	141000000	
6	36500000	36750000	10	74000000	74250000	17	42500000	42750000	
11	67500000	67750000	7	100500000	100750000	
5	54750000	55000000	7	79000000	79250000	
1	232000000	232250000	5	169250000	169500000	1	231750000	232000000	1	232500000	232750000	
21	38500000	38750000	20	47500000	47750000	
14	104500000	104750000	14	104750000	105000000	13	112000000	112250000	
7	85500000	85750000	2	88000000	88250000	
2	87250000	87500000	5	103500000	103750000	
3	192000000	192250000	2	229250000	229500000	3	191250000	191500000	4	180750000	181000000	3	191750000	192000000	2	228750000	229000000	4	180250000	180500000	2	229000000	229250000	3	191500000	191750000	
4	127250000	127500000	8	119500000	119750000	8	119250000	119500000	
21	32250000	32500000	20	15250000	15500000	
4	180000000	180250000	2	212000000	212250000	
5	53250000	53500000	7	81250000	81500000	5	52500000	52750000	
10	51250000	51500000	1	73750000	74000000	
1	228250000	228500000	1	228500000	228750000	5	176000000	176250000	
19	20500000	20750000	9	68750000	69000000	
1	148500000	148750000	2	132500000	132750000	
21	47000000	47250000	19	5250000	5500000	
1	239750000	240000000	6	163250000	163500000	
17	19250000	19500000	22	46750000	47000000	
16	84750000	85000000	6	43750000	44000000	
2	234000000	234250000	5	175500000	175750000	
2	89750000	90000000	16	46250000	46500000	
22	44000000	44250000	17	19500000	19750000	
5	139250000	139500000	1	7000000	7250000	
12	132750000	133000000	2	241250000	241500000	10	134750000	135000000	2	241500000	241750000	12	133000000	133250000	10	134500000	134750000	2	241750000	242000000	10	135000000	135250000	
6	165250000	165500000	8	138500000	138750000	
2	230250000	230500000	5	166500000	166750000	
1	21750000	22000000	17	74000000	74250000	16	89250000	89500000	22	37750000	38000000	9	138750000	139000000	14	103500000	103750000	
6	164000000	164250000	6	164250000	164500000	5	174500000	174750000	
21	35250000	35500000	12	25000000	25250000	12	25250000	25500000	
15	62750000	63000000	13	45250000	45500000	13	45500000	45750000	15	63000000	63250000	
21	26500000	26750000	20	15500000	15750000	
22	45250000	45500000	20	31750000	32000000	
4	181750000	182000000	3	192250000	192500000	
2	0	250000	5	178250000	178500000	
3	189250000	189500000	2	226000000	226250000	
22	47000000	47250000	20	59750000	60000000	20	60000000	60250000	22	47500000	47750000	
7	128250000	128500000	1	202500000	202750000	
4	184000000	184250000	1	236000000	236250000	2	223500000	223750000	1	235750000	236000000	
19	30750000	31000000	20	19250000	19500000	
1	500000	750000	8	145250000	145500000	
14	105000000	105250000	12	132500000	132750000	14	105250000	105500000	12	132250000	132500000	14	105500000	105750000	
1	26000000	26250000	3	48500000	48750000	
22	27750000	28000000	21	39000000	39250000	22	27500000	27750000	
14	74250000	74500000	17	41250000	41500000	15	72500000	72750000	
2	230000000	230250000	3	193000000	193250000	4	181250000	181500000	
21	35750000	36000000	20	4000000	4250000	
17	18250000	18500000	1	145750000	146000000	
17	250000	500000	22	41500000	41750000	13	115000000	115250000	
1	22250000	22500000	19	45250000	45500000	
2	242500000	242750000	9	140500000	140750000	
1	27250000	27500000	11	76250000	76500000	
2	28000000	28250000	15	71750000	72000000	2	28250000	28500000	
1	203500000	203750000	2	28750000	29000000	
20	58250000	58500000	20	58000000	58250000	22	32500000	32750000	
15	72250000	72500000	12	51500000	51750000	
12	124500000	124750000	2	242750000	243000000	
22	40250000	40500000	21	35500000	35750000	17	44750000	45000000	15	69250000	69500000	
4	172000000	172250000	1	143750000	144000000	
6	42750000	43000000	16	84000000	84250000	6	43000000	43250000	
3	190250000	190500000	4	188500000	188750000	4	187500000	187750000	4	187750000	188000000	2	226750000	227000000	2	227000000	227250000	3	189750000	190000000	4	188250000	188500000	3	190750000	191000000	2	227250000	227500000	4	188000000	188250000	
17	17500000	17750000	21	33750000	34000000	
4	189500000	189750000	1	234750000	235000000	
21	38750000	39000000	22	46000000	46250000	20	48250000	48500000	
11	76000000	76250000	8	124250000	124500000	11	75750000	76000000	15	66500000	66750000	3	196000000	196250000	1	24750000	25000000	
7	129250000	129500000	2	25750000	26000000	3	196750000	197000000	
5	70250000	70500000	13	86750000	87000000	
8	125250000	125500000	6	129750000	130000000	
17	62000000	62250000	1	24500000	24750000	
1	8750000	9000000	2	202500000	202750000	
1	11000000	11250000	3	195500000	195750000	2	219750000	220000000	1	10750000	11000000	3	195250000	195500000	
11	72750000	73000000	10	104750000	105000000	1	21250000	21500000	
19	3250000	3500000	9	137000000	137250000	17	43000000	43250000	16	67250000	67500000	
1	2250000	2500000	5	175750000	176000000	1	2000000	2250000	
6	123750000	124000000	4	132000000	132250000	
18	10000000	10250000	21	40250000	40500000	18	10250000	10500000	
10	30000000	30250000	21	36000000	36250000	
4	7500000	7750000	4	7000000	7250000	20	60500000	60750000	4	7250000	7500000	
14	74750000	75000000	17	47500000	47750000	
12	133250000	133500000	2	242250000	242500000	2	242000000	242250000	
3	46500000	46750000	9	129750000	130000000	
1	7250000	7500000	3	170250000	170500000	2	217250000	217500000	
2	1500000	1750000	6	169500000	169750000	
17	40250000	40500000	10	76750000	77000000	
1	242000000	242250000	6	160750000	161000000	
4	183750000	184000000	2	236000000	236250000	5	174750000	175000000	
2	78000000	78250000	16	32000000	32250000	
1	23000000	23250000	9	132000000	132250000	10	71500000	71750000	10	71000000	71250000	6	35000000	35250000	15	68750000	69000000	
8	119750000	120000000	4	125250000	125500000	8	120000000	120250000	
20	20750000	21000000	19	32250000	32500000	
1	238250000	238500000	6	162250000	162500000	
15	64000000	64250000	10	32250000	32500000	
7	79250000	79500000	4	125750000	126000000	6	132500000	132750000	6	132250000	132500000	4	126750000	127000000	7	80000000	80250000	6	132000000	132250000	7	79750000	80000000	4	126500000	126750000	7	79500000	79750000	4	126000000	126250000	
2	211750000	212000000	4	179750000	180000000	
11	96250000	96500000	1	149500000	149750000	
21	43250000	43500000	5	250000	500000	
5	179750000	180000000	7	156750000	157000000	6	170500000	170750000	
1	26750000	27000000	7	99750000	100000000	22	39250000	39500000	17	76000000	76250000	1	26500000	26750000	11	66250000	66500000	
7	100250000	100500000	7	100750000	101000000	11	65250000	65500000	17	42750000	43000000	
2	214750000	215000000	4	180500000	180750000	
14	107250000	107500000	8	0	250000	4	191000000	191250000	
12	125000000	125250000	2	217500000	217750000	3	197000000	197250000	
2	224250000	224500000	1	241750000	242000000	2	224500000	224750000	2	223750000	224000000	
21	34750000	35000000	20	3750000	4000000	
16	4750000	5000000	19	11000000	11250000	
14	102250000	102500000	12	123750000	124000000	
15	47000000	47250000	9	69250000	69500000	
21	26250000	26500000	20	7000000	7250000	20	7250000	7500000	20	6750000	7000000	
6	163500000	163750000	1	241000000	241250000	1	241250000	241500000	
22	19500000	19750000	17	4250000	4500000	22	18750000	19000000	
12	50000000	50250000	6	35250000	35500000	
22	40000000	40250000	10	72250000	72500000	15	73500000	73750000	
20	33500000	33750000	14	75250000	75500000	15	68500000	68750000	
4	96750000	97000000	9	44250000	44500000	
2	243000000	243250000	8	146250000	146500000	1	0	250000	12	133750000	134000000	
5	172000000	172250000	2	239750000	240000000	
20	12500000	12750000	21	27750000	28000000	20	12250000	12500000	
7	101250000	101500000	7	101750000	102000000	17	37250000	37500000	9	134500000	134750000	
9	24750000	25000000	15	23250000	23500000	
14	74500000	74750000	15	64250000	64500000	17	43500000	43750000	
2	210250000	210500000	4	181500000	181750000	
12	250000	500000	18	77750000	78000000	5	0	250000	
8	143750000	144000000	1	18750000	19000000	8	144000000	144250000	1	19000000	19250000	
18	13000000	13250000	21	33500000	33750000	
3	171000000	171250000	2	217000000	217250000	
2	226500000	226750000	3	190000000	190250000	
17	80750000	81000000	14	103250000	103500000	14	103000000	103250000	
6	159500000	159750000	1	236750000	237000000	6	159750000	160000000	
1	149250000	149500000	7	64500000	64750000	
4	167250000	167500000	11	89500000	89750000	
7	76250000	76500000	1	83500000	83750000	
21	43500000	43750000	22	28000000	28250000	
21	30750000	31000000	20	13250000	13500000	
9	66250000	66500000	16	18250000	18500000	
11	2250000	2500000	4	3500000	3750000	11	2000000	2250000	
20	59500000	59750000	20	58750000	59000000	20	59000000	59250000	20	59250000	59500000	19	32500000	32750000	
6	167000000	167250000	1	15250000	15500000	
7	158250000	158500000	6	170000000	170250000	
14	75000000	75250000	20	33750000	34000000	
3	126500000	126750000	1	26250000	26500000	3	126250000	126500000	
17	18000000	18250000	22	43500000	43750000	21	34500000	34750000	
5	171000000	171250000	2	239500000	239750000	
15	68250000	68500000	17	61250000	61500000	1	28250000	28500000	17	61000000	61250000	
4	178500000	178750000	2	215750000	216000000	
22	26250000	26500000	20	22000000	22250000	20	21750000	22000000	
22	31000000	31250000	17	41750000	42000000	
16	18500000	18750000	7	85750000	86000000	
1	3750000	4000000	5	177250000	177500000	5	177000000	177250000	
7	77250000	77500000	4	129000000	129250000	
8	121250000	121500000	6	133250000	133500000	8	121000000	121250000	
15	70250000	70500000	14	101000000	101250000	
9	67250000	67500000	3	96000000	96250000	
22	50750000	51000000	17	7250000	7500000	
6	166000000	166250000	4	189000000	189250000	
1	8000000	8250000	1	8250000	8500000	2	201500000	201750000	
21	25750000	26000000	18	2000000	2250000	21	25250000	25500000	14	26000000	26250000	
1	13000000	13250000	2	156500000	156750000	2	156750000	157000000	
1	148750000	149000000	7	122500000	122750000	
10	133750000	134000000	7	155000000	155250000	2	241000000	241250000	
10	102250000	102500000	1	201000000	201250000	10	102000000	102250000	
11	74500000	74750000	14	50500000	50750000	
17	48750000	49000000	12	56250000	56500000	
9	43500000	43750000	4	35000000	35250000	
17	74250000	74500000	22	45500000	45750000	
18	50250000	50500000	6	94750000	95000000	
19	46500000	46750000	15	74000000	74250000	
5	138750000	139000000	1	9750000	10000000	
4	132250000	132500000	6	123500000	123750000	
10	89000000	89250000	4	137000000	137250000	
13	42000000	42250000	15	67000000	67250000	
12	750000	1000000	15	40250000	40500000	11	73750000	74000000	
2	236500000	236750000	4	186000000	186250000	
2	89500000	89750000	9	39000000	39250000	
3	192500000	192750000	2	227500000	227750000	
7	76750000	77000000	6	131250000	131500000	4	125500000	125750000	7	77000000	77250000	
2	223250000	223500000	3	193250000	193500000	
7	49000000	49250000	16	32750000	33000000	
12	27000000	27250000	21	38250000	38500000	
22	24500000	24750000	21	40500000	40750000	
18	51250000	51500000	9	44000000	44250000	
6	36000000	36250000	12	49750000	50000000	
1	1250000	1500000	12	124750000	125000000	
16	33000000	33250000	14	48500000	48750000	
17	62250000	62500000	15	63750000	64000000	
10	2750000	3000000	8	4750000	5000000	
21	43750000	44000000	4	6000000	6250000	4	6250000	6500000	
1	20750000	21000000	12	122500000	122750000	
1	25750000	26000000	8	124000000	124250000	15	70750000	71000000	11	74000000	74250000	
9	68250000	68500000	1	143000000	143250000	
21	22500000	22750000	20	14250000	14500000	
9	134750000	135000000	21	38000000	38250000	22	29250000	29500000	12	2000000	2250000	
4	185250000	185500000	2	213750000	214000000	2	214000000	214250000	2	213500000	213750000	
2	211500000	211750000	4	179250000	179500000	
5	167750000	168000000	2	236750000	237000000	
4	65000000	65250000	9	69000000	69250000	
20	47250000	47500000	22	44500000	44750000	
2	219500000	219750000	7	127750000	128000000	
11	88750000	89000000	1	148000000	148250000	
6	166750000	167000000	1	14000000	14250000	
10	103250000	103500000	7	128750000	129000000	
4	97500000	97750000	1	143250000	143500000	
11	63750000	64000000	16	67750000	68000000	
2	13750000	14000000	7	74500000	74750000	
12	53750000	54000000	20	34250000	34500000	
3	47250000	47500000	12	122250000	122500000	
8	142250000	142500000	10	134250000	134500000	10	134000000	134250000	
17	45500000	45750000	16	70000000	70250000	
15	75500000	75750000	11	0	250000	
1	239250000	239500000	6	163000000	163250000	
4	178750000	179000000	2	214250000	214500000	2	214500000	214750000	
1	27750000	28000000	3	46750000	47000000	
16	86250000	86500000	12	2250000	2500000	
7	102000000	102250000	12	121750000	122000000	
10	75250000	75500000	15	43250000	43500000	
16	28750000	29000000	19	11250000	11500000	
16	30750000	31000000	19	17250000	17500000	16	31000000	31250000	
6	161000000	161250000	1	239500000	239750000	
10	1500000	1750000	8	2750000	3000000	
10	105250000	105500000	1	201250000	201500000	
6	164750000	165000000	5	166000000	166250000	
